T_mean =

   0.00000   0.00000   0.18519   0.00000   0.00000   0.00000   0.12427   0.00000   0.12203   0.00370   0.00000   0.27292

>> R_mean
R_mean =

   0.00000   0.00000   0.62593   0.00000   0.00000   0.00000   0.74010   0.00000   0.72527   0.99259   0.00000   0.21609

>> P_mean
P_mean =

   0.00000   0.00000   0.01852   0.00000   0.00000   0.00000   0.01507   0.00000   0.03834   0.00000   0.00000   0.26028

>> S_mean
S_mean =

   0.00000   0.00000   0.17037   0.00000   0.00000   0.00000   0.12056   0.00000   0.11436   0.00370   0.00000   0.25070

>> Q(:,:,3)
ans =

   0.00000   0.00000   0.10870   0.89130
   0.20606   0.79394   0.00000   0.00000
   0.00000   0.00000   0.00000   1.00000
   0.22222   0.77778   0.00000   0.00000

>> comida=1*(Q(4,2)*S_mean)
S_mean
>> comida=1*(Q(4,2,3)*S_mean(3)+Q(2,2,3)*R_mean(3))+2*(Q(2,1,3)*R_mean(3)+Q(4,1,3)*S_mean(3))
comida =  0.96314 



foodMedia = 0.00 0.00 30.00 0.00 0.00 0.00 29.28 0.00 28.57 29.28 0.00 22.57

_alimento = 0.00 0.00  0.95 0.00 0.00 0.00  0.97 0.00  0.91  1.09 0.00  0.00

_alimento *30
ans =   0.00000    0.00000   28.67054    0.00000    0.00000    0.00000   29.25283    0.00000   27.47612   32.68147   0.00000    0.00000


i =  3
comida=1*(Q(4,2,i).*S_mean(i)+Q(2,2,i).*R_mean(i))+2*(Q(2,1,i)*R_mean(i)+Q(4,1,i)*S_mean(i))
comida =  0.96314
i =  7
comida =  0.97681
i =  9
comida =  0.95989
i =  10
comida =  0.99630

comida2Media =
   0.00000   0.00000   0.99630   0.00000   0.00000   0.00000   0.98863   0.00000   0.96933   1.00000   0.00000   0.76194
comida =
   0.00000   0.00000   0.96314   0.00000   0.00000   0.00000   0.97681   0.00000   0.95989   0.99630   0.00000   0.73134
foodMedia ./30
   0.00000   0.00000   1.00000   0.00000   0.00000   0.00000   0.97619   0.00000   0.95238   0.97619   0.00000   0.75238



Markov
T_mean =
   0.00000   0.00000   0.18519   0.00000   0.00000   0.00000   0.12427   0.00000   0.12203   0.00370   0.00000   0.27292
R_mean =
   0.00000   0.00000   0.62593   0.00000   0.00000   0.00000   0.74010   0.00000   0.72527   0.99259   0.00000   0.21609
P_mean =
   0.00000   0.00000   0.01852   0.00000   0.00000   0.00000   0.01507   0.00000   0.03834   0.00000   0.00000   0.26028
S_mean =
   0.00000   0.00000   0.17037   0.00000   0.00000   0.00000   0.12056   0.00000   0.11436   0.00370   0.00000   0.25070

Markov CD
T_mean =
   0.00000   0.00000   0.18519   0.00000   0.00000   0.00000   0.12427   0.00000   0.12203   0.00370   0.00000   0.27292
R_mean =
   0.00000   0.00000   0.62593   0.00000   0.00000   0.00000   0.74010   0.00000   0.72527   0.99259   0.00000   0.21609
P_mean =
   0.00000   0.00000   0.01852   0.00000   0.00000   0.00000   0.01507   0.00000   0.03834   0.00000   0.00000   0.26028
S_mean =
   0.00000   0.00000   0.17037   0.00000   0.00000   0.00000   0.12056   0.00000   0.11436   0.00370   0.00000   0.25070
Son iguales




comida =
   0.00000   0.00000   0.96314   0.00000   0.00000   0.00000   0.97681   0.00000   0.95989   0.99630   0.00000   0.73134 %desde matriz 4 estados
comida2Media =
   0.00000   0.00000   0.99630   0.00000   0.00000   0.00000   0.98863   0.00000   0.96933   1.00000   0.00000   0.76194 %promedio entre altimas 9 sesiones 
_alimento =
   0.00000   0.00000   0.96314   0.00000   0.00000   0.00000   0.97750   0.00000   0.94358   1.11865   0.00000   0.00000 %desde matriz de 2 estados 
foodMedia =
   0.00000   0.00000   0.99630   0.00000   0.00000   0.00000   0.98863   0.00000   0.96933   1.00000   0.00000   0.76194 %promedio entre altimas 9 sesiones



QQTot(:,:,3)./sum(QQTot(:,:,3),2)
   0.790127   0.209873
   0.902273   0.097727

QQTot(:,:,7)./sum(QQTot(:,:,7),2)
   0.86486   0.13514
   0.89184   0.10816
QQTot(:,:,9)./sum(QQTot(:,:,9),2)
   0.85449   0.14551
   0.75527   0.24473
QQTot(:,:,10)./sum(QQTot(:,:,10),2)
   1   0
   1   0

QQTotmarkov =
ans(:,:,3) =
   0.790476   0.209524
   0.901961   0.098039
ans(:,:,7) =
   0.86425   0.13575
   0.88889   0.11111
ans(:,:,9) =

   0.85648   0.14352
   0.75000   0.25000
ans(:,:,10) =

   1   0
   1   0


QQTot =
ans(:,:,3) =
   0.790127   0.209873
   0.902273   0.097727
ans(:,:,7) =
   0.86486   0.13514
   0.89184   0.10816
ans(:,:,9) =
   0.85449   0.14551
   0.75527   0.24473
ans(:,:,10) =
   1   0
   1   0
ans(:,:,12) =
   0.42885   0.57115
   0.49042   0.50958





ultimos 5
probC =
   0.00000   0.00000   0.79630   0.00000   0.00000   0.00000   0.86066   0.00000   0.83963   0.99630
ultimos 9
probC =
   0.00000   0.00000   0.76111   0.00000   0.00000   0.00000   0.85843   0.00000   0.84770   0.99444





_vRefuerzos([1 4 2 3])*(vec(QQTotmarkov(:,:,i)).*[_mediaXsujeto(i) (1-_mediaXsujeto(i)) _mediaXsujeto(i) (1-_mediaXsujeto(i))]')
%ans =  0.97723
QQTotmarkov(:,:,i)


