# Created by Octave 3.8.1, Tue Sep 06 19:03:47 2016 ART <guille@iibm>
# name: TT
# type: matrix
# rows: 12
# columns: 50
 4 5 7 9 5 6 6 7 5 7 4 7 6 4 6 5 9 6 6 6 5 8 8 0 0 0 0 0 0 0 0 0 0 0 0 0 0 0 0 0 0 0 0 0 0 0 0 0 0 0
 5 4 6 4 3 5 6 5 5 6 5 6 4 5 6 7 7 8 6 7 8 6 8 9 6 9 7 11 9 9 8 7 10 0 0 0 0 0 0 0 0 0 0 0 0 0 0 0 0 0
 7 1 8 4 6 3 2 0 1 1 0 0 0 0 0 0 0 0 0 0 1 0 0 0 0 0 0 0 0 0 0 0 0 0 0 0 0 0 0 0 0 0 0 0 0 0 0 0 0 0
 6 5 7 6 5 8 6 7 8 7 7 3 6 9 8 5 6 6 9 7 8 8 4 0 0 0 0 0 0 0 0 0 0 0 0 0 0 0 0 0 0 0 0 0 0 0 0 0 0 0
 7 6 5 4 2 1 1 0 2 5 3 4 7 10 7 8 7 8 3 7 6 5 7 0 0 0 0 0 0 0 0 0 0 0 0 0 0 0 0 0 0 0 0 0 0 0 0 0 0 0
 6 6 5 6 3 3 3 2 6 5 4 5 6 7 6 5 7 9 7 10 6 7 10 6 7 6 10 11 8 6 7 0 0 0 0 0 0 0 0 0 0 0 0 0 0 0 0 0 0 0
 7 8 4 6 2 1 4 3 1 3 3 0 1 2 5 3 6 5 0 2 3 1 0 0 0 0 0 0 0 0 0 0 0 0 0 0 0 0 0 0 0 0 0 0 0 0 0 0 0 0
 6 7 7 7 7 9 7 6 4 7 4 9 7 6 7 7 8 6 6 6 9 5 7 8 6 5 5 5 8 5 6 8 7 6 7 5 3 7 2 4 4 6 6 4 5 5 3 7 4 6
 9 8 9 7 7 4 4 7 6 6 6 6 6 6 6 6 5 7 5 6 7 4 5 4 2 1 1 3 3 4 5 0 0 0 0 0 0 0 0 0 0 0 0 0 0 0 0 0 0 0
 9 5 4 7 6 7 8 7 5 3 3 5 5 4 3 2 1 3 0 0 1 0 0 0 0 0 0 0 0 0 0 0 0 0 0 0 0 0 0 0 0 0 0 0 0 0 0 0 0 0
 7 6 6 8 8 5 6 6 9 6 7 6 7 6 9 8 4 7 8 9 6 7 5 4 6 6 2 9 9 10 5 7 8 0 0 0 0 0 0 0 0 0 0 0 0 0 0 0 0 0
 3 9 6 5 3 9 4 3 2 2 3 2 4 0 3 1 2 0 0 0 1 2 0 0 0 0 0 0 0 0 0 0 0 0 0 0 0 0 0 0 0 0 0 0 0 0 0 0 0 0


# name: CC
# type: matrix
# rows: 12
# columns: 50
 19 13 8 6 14 15 16 9 19 14 22 15 16 20 16 14 4 15 12 16 17 8 8 0 0 0 0 0 0 0 0 0 0 0 0 0 0 0 0 0 0 0 0 0 0 0 0 0 0 0
 1 6 4 3 6 10 13 13 18 14 13 8 21 12 11 15 15 13 10 13 12 13 10 7 8 6 9 5 3 2 4 4 1 0 0 0 0 0 0 0 0 0 0 0 0 0 0 0 0 0
 3 1 4 17 13 23 25 30 27 28 30 30 30 30 29 30 30 29 30 30 27 29 30 0 0 0 0 0 0 0 0 0 0 0 0 0 0 0 0 0 0 0 0 0 0 0 0 0 0 0
 5 3 0 8 8 11 8 8 4 4 4 2 0 10 7 10 6 19 7 9 4 0 2 0 0 0 0 0 0 0 0 0 0 0 0 0 0 0 0 0 0 0 0 0 0 0 0 0 0 0
 11 13 14 20 26 28 28 30 26 20 24 23 4 4 7 6 5 1 2 4 9 8 6 0 0 0 0 0 0 0 0 0 0 0 0 0 0 0 0 0 0 0 0 0 0 0 0 0 0 0
 11 8 14 15 20 25 23 25 18 15 22 18 15 16 16 16 14 9 15 4 9 12 2 10 5 7 2 3 3 3 2 0 0 0 0 0 0 0 0 0 0 0 0 0 0 0 0 0 0 0
 7 9 20 13 26 28 18 24 27 24 23 30 28 26 18 24 16 18 30 26 24 27 30 0 0 0 0 0 0 0 0 0 0 0 0 0 0 0 0 0 0 0 0 0 0 0 0 0 0 0
 6 6 4 3 3 3 5 2 0 1 2 6 8 3 8 4 6 5 4 12 6 17 14 10 14 21 17 18 11 20 14 9 15 14 12 14 17 15 23 21 20 16 17 22 14 18 23 13 21 16
 7 4 8 5 3 1 0 1 3 10 16 11 13 3 15 17 10 15 18 17 13 17 19 18 26 28 28 24 24 21 20 0 0 0 0 0 0 0 0 0 0 0 0 0 0 0 0 0 0 0
 6 4 9 9 13 4 4 5 18 24 24 15 19 14 24 24 27 24 30 30 28 30 30 29 29 30 29 30 29 0 0 0 0 0 0 0 0 0 0 0 0 0 0 0 0 0 0 0 0 0
 5 14 13 2 7 13 11 10 9 14 10 16 11 17 10 8 21 15 14 13 16 15 20 21 15 15 26 10 11 9 19 14 12 0 0 0 0 0 0 0 0 0 0 0 0 0 0 0 0 0
 2 6 10 18 15 9 19 24 26 26 21 25 22 29 24 28 26 30 29 30 28 24 30 0 0 0 0 0 0 0 0 0 0 0 0 0 0 0 0 0 0 0 0 0 0 0 0 0 0 0


# name: PP
# type: matrix
# rows: 12
# columns: 50
 4 7 9 6 6 3 2 8 1 3 0 1 2 2 2 6 8 4 6 2 3 5 7 0 0 0 0 0 0 0 0 0 0 0 0 0 0 0 0 0 0 0 0 0 0 0 0 0 0 0
 17 17 15 20 17 11 6 7 3 5 7 10 2 9 7 2 2 1 7 3 2 5 5 5 11 6 8 4 10 11 11 13 10 0 0 0 0 0 0 0 0 0 0 0 0 0 0 0 0 0
 12 25 11 5 6 1 0 0 0 0 0 0 0 0 0 0 0 0 0 0 0 0 0 0 0 0 0 0 0 0 0 0 0 0 0 0 0 0 0 0 0 0 0 0 0 0 0 0 0 0
 13 12 17 10 12 4 11 9 11 12 13 17 18 3 8 10 11 0 6 7 11 15 20 0 0 0 0 0 0 0 0 0 0 0 0 0 0 0 0 0 0 0 0 0 0 0 0 0 0 0
 5 5 6 2 0 0 0 0 0 0 0 0 10 6 10 8 11 14 22 12 9 12 11 0 0 0 0 0 0 0 0 0 0 0 0 0 0 0 0 0 0 0 0 0 0 0 0 0 0 0
 7 11 6 3 3 0 1 1 0 4 0 2 3 1 2 4 3 4 1 6 9 4 9 8 11 11 9 5 12 14 15 0 0 0 0 0 0 0 0 0 0 0 0 0 0 0 0 0 0 0
 9 6 2 5 0 0 4 0 0 1 0 0 0 0 2 0 2 2 0 0 0 1 0 0 0 0 0 0 0 0 0 0 0 0 0 0 0 0 0 0 0 0 0 0 0 0 0 0 0 0
 11 9 13 13 14 10 12 17 22 16 20 6 9 15 8 12 9 13 15 6 7 3 1 4 3 0 3 2 3 0 4 6 1 4 4 6 6 2 4 1 2 3 2 1 7 3 1 2 1 2
 5 8 4 12 14 19 23 16 15 7 3 5 5 9 2 1 10 1 3 1 3 4 1 3 0 0 0 0 0 1 0 0 0 0 0 0 0 0 0 0 0 0 0 0 0 0 0 0 0 0
 7 11 5 7 5 12 11 10 1 0 0 3 1 5 0 1 0 0 0 0 0 0 0 0 0 0 0 0 0 0 0 0 0 0 0 0 0 0 0 0 0 0 0 0 0 0 0 0 0 0
 11 5 5 13 8 7 8 8 4 4 7 3 5 1 3 7 1 1 1 0 1 1 1 1 3 3 0 3 2 2 0 2 3 0 0 0 0 0 0 0 0 0 0 0 0 0 0 0 0 0
 21 6 8 3 10 4 3 0 0 0 3 1 0 0 0 0 0 0 0 0 0 1 0 0 0 0 0 0 0 0 0 0 0 0 0 0 0 0 0 0 0 0 0 0 0 0 0 0 0 0


# name: SS
# type: matrix
# rows: 12
# columns: 50
 3 5 6 9 5 6 6 6 5 6 4 7 6 4 6 5 9 5 6 6 5 8 7 0 0 0 0 0 0 0 0 0 0 0 0 0 0 0 0 0 0 0 0 0 0 0 0 0 0 0
 4 3 5 3 3 4 5 5 4 5 4 6 3 4 5 6 6 8 6 7 8 6 7 8 5 8 6 10 8 8 7 6 9 0 0 0 0 0 0 0 0 0 0 0 0 0 0 0 0 0
 7 1 7 4 5 3 2 0 1 1 0 0 0 0 0 0 0 0 0 0 1 0 0 0 0 0 0 0 0 0 0 0 0 0 0 0 0 0 0 0 0 0 0 0 0 0 0 0 0 0
 5 5 6 5 4 7 5 6 7 7 6 2 6 8 7 5 6 5 8 7 7 7 4 0 0 0 0 0 0 0 0 0 0 0 0 0 0 0 0 0 0 0 0 0 0 0 0 0 0 0
 7 6 5 4 2 1 1 0 2 5 3 3 8 10 6 7 7 7 3 7 5 5 6 0 0 0 0 0 0 0 0 0 0 0 0 0 0 0 0 0 0 0 0 0 0 0 0 0 0 0
 5 5 5 6 3 2 3 2 6 5 4 4 6 6 6 5 6 8 6 10 6 7 9 6 7 6 9 11 7 6 6 0 0 0 0 0 0 0 0 0 0 0 0 0 0 0 0 0 0 0
 7 7 4 6 2 1 4 3 1 2 3 0 1 2 5 3 6 5 0 2 3 1 0 0 0 0 0 0 0 0 0 0 0 0 0 0 0 0 0 0 0 0 0 0 0 0 0 0 0 0
 6 7 6 7 6 8 6 5 4 6 4 8 6 5 7 6 7 6 5 5 8 5 7 8 6 4 5 5 8 5 5 7 7 6 7 5 3 6 1 4 4 5 5 3 4 4 3 7 4 6
 8 7 9 6 6 3 3 6 6 6 5 6 6 6 6 6 5 7 4 6 7 4 5 4 2 1 1 3 3 4 5 0 0 0 0 0 0 0 0 0 0 0 0 0 0 0 0 0 0 0
 8 4 4 6 6 7 7 7 5 2 3 5 5 4 3 2 1 3 0 0 1 0 0 0 0 0 0 0 0 0 0 0 0 0 0 0 0 0 0 0 0 0 0 0 0 0 0 0 0 0
 6 5 5 7 7 5 5 6 8 6 6 5 6 6 8 7 4 7 7 8 6 7 4 4 6 6 2 8 8 9 5 7 7 0 0 0 0 0 0 0 0 0 0 0 0 0 0 0 0 0
 2 9 6 4 2 8 4 3 2 2 3 2 4 0 3 1 2 0 0 0 1 2 0 0 0 0 0 0 0 0 0 0 0 0 0 0 0 0 0 0 0 0 0 0 0 0 0 0 0 0


