# Created by Octave 3.8.1, Wed Sep 07 17:57:42 2016 ART <guille@iibm>
# name: QQTotmarkov
# type: matrix
# ndims: 3
 2 2 12
 0.6830601092896175
 0.580952380952381
 0.3169398907103825
 0.4190476190476191
 0.3629032258064516
 0.4573170731707317
 0.6370967741935484
 0.5426829268292683
 0.9964788732394366
 1
 0.00352112676056338
 0
 0.5223880597014925
 0.4129032258064516
 0.4776119402985075
 0.5870967741935483
 0.4485981308411215
 0.3526011560693642
 0.5514018691588785
 0.6473988439306358
 0.3846153846153846
 0.4269005847953216
 0.6153846153846154
 0.5730994152046783
 0.9032258064516129
 0.78125
 0.09677419354838709
 0.21875
 0.7727272727272727
 0.6521739130434783
 0.2272727272727273
 0.3478260869565217
 0.8704453441295547
 0.7804878048780488
 0.1295546558704453
 0.2195121951219512
 0.9964912280701754
 1
 0.003508771929824561
 0
 0.6923076923076923
 0.7654320987654321
 0.3076923076923077
 0.2345679012345679
 0.9710144927536232
 0.9
 0.02898550724637681
 0.1


# name: probC
# type: scalar
0.9663218390804598


# name: probD
# type: scalar
0.03367816091954023


