# Created by Octave 4.2.1, Wed Nov 01 15:06:58 2017 ART <guille@iibm>
# name: suavizado3
# type: matrix
# rows: 1
# columns: 23
 0.208128078817734 0.219047619047619 0.5333333333333333 0.6603448275862069 0.7436781609195402 0.8988505747126436 0.9655172413793103 0.9827586206896552 0.9660919540229885 0.9833333333333334 1 1 1 1 1 1 1 1 1 0.9827586206896552 0.9827586206896552 1 0.5


# name: suavizado7
# type: matrix
# rows: 1
# columns: 23
 0.5 0.6666666666666667 0.7166666666666667 0.7833333333333333 0.95 0.85 0.8166666666666667 0.9327586206896552 0.9160919540229886 0.8816091954022989 0.9482758620689655 0.9833333333333334 0.95 0.8459770114942529 0.8293103448275863 0.8166666666666667 0.75 0.8833333333333333 0.9666666666666667 0.9166666666666667 0.9166666666666667 0.9666666666666667 0.5


# name: suavizado9
# type: matrix
# rows: 1
# columns: 31
 0.4623243933588761 0.487037037037037 0.4666666666666667 0.3333333333333333 0.2240740740740741 0.1240740740740741 0.1666666666666667 0.2666666666666667 0.4258620689655173 0.6258620689655172 0.6535714285714285 0.6202380952380953 0.5041666666666667 0.5495689655172413 0.7454022988505747 0.6333333333333333 0.6166666666666667 0.7333333333333333 0.75 0.7166666666666667 0.6954022988505747 0.7620689655172415 0.7793103448275862 0.8459770114942529 0.95 0.9666666666666667 0.9333333333333333 0.9 0.8666666666666667 0.8333333333333334 0.4166666666666667


# name: suavizado10
# type: matrix
# rows: 1
# columns: 29
 0.4 0.4621212121212122 0.5540752351097179 0.575287356321839 0.5 0.3666666666666666 0.3902298850574712 0.603448275862069 0.8448275862068966 0.8982758620689655 0.8071428571428572 0.7571428571428571 0.7333333333333334 0.7833333333333333 0.8982758620689655 0.9310344827586208 0.9327586206896552 0.95 1 0.9833333333333334 0.9833333333333334 1 1 1 1 1 1 1 0.5


