# Created by Octave 4.2.1, Tue Oct 31 17:26:10 2017 ART <guille@iibm>
# name: suavizado_379_rev
# type: matrix
# rows: 3
# columns: 11
 0.07261904761904762 0.06763820470717022 0.09124247400109468 0.1335249042145594 0.5111111111111112 0.7706896551724137 0.753448275862069 0.5708812260536398 0.7444444444444445 0.7833333333333333 0.7
 0.1614942528735632 0.4222222222222222 0.4517241379310344 0.5028735632183908 0.5086206896551725 0.6055555555555555 0.6314176245210728 0.8438697318007664 0.8770114942528734 0.8528735632183908 0.9
 0 0.09444444444444444 0.2354406130268199 0.4187739463601532 0.5689655172413793 0.5588122605363984 0.639272030651341 0.7611111111111111 0.8552271483305968 0.7937328954570334 0.9143678160919539


# name: suavizado10rev
# type: matrix
# rows: 1
# columns: 5
 0 0.2400383141762452 0.5898467432950192 0.9944444444444445 0.9916666666666667


