# Created by Octave 4.2.1, Fri Sep 08 21:02:14 2017 ART <guille@iibm>
# name: T
# type: matrix
# rows: 6
# columns: 50
 0.2 0.2666666666666667 0.3 0.2 0.2333333333333333 0.1333333333333333 0.2 0.1 0.1666666666666667 0.1333333333333333 0.03333333333333333 0.06896551724137931 0.103448275862069 0.06666666666666667 0.03448275862068965 0.1333333333333333 0.06896551724137931 0.1333333333333333 0 0 0 0 0 0 0 0 0 0 0 0 0 0 0 0 0 0 0 0 0 0 0 0 0 0 0 0 0 0 0 0
 0.2666666666666667 0.3 0.2758620689655172 0.2666666666666667 0.1 0.1666666666666667 0.3333333333333333 0.2666666666666667 0.1666666666666667 0.2333333333333333 0.2 0.3333333333333333 0.3 0.2 0.2 0.2666666666666667 0.2333333333333333 0.2 0.2 0.2 0.2666666666666667 0.2333333333333333 0.3666666666666666 0.1666666666666667 0.3333333333333333 0.3103448275862069 0.2758620689655172 0 0 0 0 0 0 0 0 0 0 0 0 0 0 0 0 0 0 0 0 0 0 0
 0.1666666666666667 0.2142857142857143 0.06666666666666667 0.2 0.2 0.2333333333333333 0.03333333333333333 0.03333333333333333 0.03333333333333333 0.06666666666666667 0.06666666666666667 0.1 0.1 0.1 0.1666666666666667 0.06666666666666667 0.1 0.1 0 0 0 0 0 0 0 0 0 0 0 0 0 0 0 0 0 0 0 0 0 0 0 0 0 0 0 0 0 0 0 0
 0.2413793103448276 0.1333333333333333 0.1333333333333333 0.1 0.2105263157894737 0.1333333333333333 0.06666666666666667 0.1 0.06666666666666667 0.1 0.1333333333333333 0.03333333333333333 0.03333333333333333 0.03333333333333333 0.1 0.1333333333333333 0.03333333333333333 0 0 0 0 0 0 0 0 0 0 0 0 0 0 0 0 0 0 0 0 0 0 0 0 0 0 0 0 0 0 0 0 0
 0.2 0.1666666666666667 0.2333333333333333 0.2413793103448276 0.1724137931034483 0.2333333333333333 0.1333333333333333 0.2333333333333333 0.06666666666666667 0 0.1333333333333333 0.03448275862068965 0.1 0.1 0.1666666666666667 0.1724137931034483 0.2 0.1666666666666667 0.2 0.2 0.2 0.2333333333333333 0.1666666666666667 0.2666666666666667 0.2333333333333333 0.2758620689655172 0.2333333333333333 0 0 0 0 0 0 0 0 0 0 0 0 0 0 0 0 0 0 0 0 0 0 0
 0.2758620689655172 0.2333333333333333 0.2666666666666667 0.2413793103448276 0.2068965517241379 0.2 0.1333333333333333 0.2173913043478261 0.2 0.2 0.1333333333333333 0.1333333333333333 0.1333333333333333 0.103448275862069 0.03333333333333333 0.1 0.2 0.1379310344827586 0.1724137931034483 0.1333333333333333 0.1666666666666667 0.1724137931034483 0.2 0.1666666666666667 0.1666666666666667 0.1666666666666667 0.1666666666666667 0 0 0 0 0 0 0 0 0 0 0 0 0 0 0 0 0 0 0 0 0 0 0


# name: P
# type: matrix
# rows: 6
# columns: 50
 0.4333333333333333 0.2666666666666667 0.3 0.3333333333333333 0.1666666666666667 0.5333333333333333 0.1666666666666667 0.1666666666666667 0 0.06666666666666667 0 0 0 0.06666666666666667 0 0.03333333333333333 0.03448275862068965 0.03333333333333333 0 0 0 0 0 0 0 0 0 0 0 0 0 0 0 0 0 0 0 0 0 0 0 0 0 0 0 0 0 0 0 0
 0.3333333333333333 0.3 0.3793103448275862 0.2333333333333333 0.3333333333333333 0.4 0.2 0.1333333333333333 0.2666666666666667 0.1333333333333333 0.1333333333333333 0.1333333333333333 0.1 0.2 0.3 0.1333333333333333 0.1 0.1 0.1333333333333333 0.1666666666666667 0.3333333333333333 0.03333333333333333 0.1333333333333333 0.2333333333333333 0.1333333333333333 0.3103448275862069 0.2068965517241379 0 0 0 0 0 0 0 0 0 0 0 0 0 0 0 0 0 0 0 0 0 0 0
 0.3666666666666666 0.07142857142857142 0.03333333333333333 0.2333333333333333 0 0.06666666666666667 0 0 0 0 0 0.03333333333333333 0 0.03333333333333333 0.03333333333333333 0 0.06666666666666667 0.03333333333333333 0 0 0 0 0 0 0 0 0 0 0 0 0 0 0 0 0 0 0 0 0 0 0 0 0 0 0 0 0 0 0 0
 0.1379310344827586 0.2666666666666667 0.1333333333333333 0.03333333333333333 0.4210526315789473 0 0 0.06666666666666667 0.03333333333333333 0.03333333333333333 0.03333333333333333 0 0 0 0.06666666666666667 0.06666666666666667 0.03333333333333333 0 0 0 0 0 0 0 0 0 0 0 0 0 0 0 0 0 0 0 0 0 0 0 0 0 0 0 0 0 0 0 0 0
 0.2333333333333333 0.4333333333333333 0.2333333333333333 0.103448275862069 0.1724137931034483 0.1 0.1333333333333333 0.1 0 0 0.03333333333333333 0.03448275862068965 0 0 0.06666666666666667 0.1724137931034483 0.2333333333333333 0.3 0.3 0.3 0.4 0.2666666666666667 0.4 0.2666666666666667 0 0.2413793103448276 0.3 0 0 0 0 0 0 0 0 0 0 0 0 0 0 0 0 0 0 0 0 0 0 0
 0.2068965517241379 0.03333333333333333 0.06666666666666667 0.2068965517241379 0 0.03333333333333333 0.03333333333333333 0.1739130434782609 0.1 0.2 0.03333333333333333 0.06666666666666667 0.06666666666666667 0.1379310344827586 0 0.03333333333333333 0.2666666666666667 0.06896551724137931 0.1379310344827586 0.1 0.03333333333333333 0.03448275862068965 0.2 0.2 0.1333333333333333 0.1333333333333333 0.1666666666666667 0 0 0 0 0 0 0 0 0 0 0 0 0 0 0 0 0 0 0 0 0 0 0


# name: S
# type: matrix
# rows: 1
# columns: 6
 0.3040229885057472 0.3279310344827587 0.5560919540229885 0.7880459770114943 0.8066666666666666 0.84


