# Created by Octave 4.2.1, Tue Oct 31 18:11:44 2017 ART <guille@iibm>
# name: suavizado3
# type: matrix
# rows: 1
# columns: 6
 0.4207224958949097 0.8767816091954023 0.9864367816091955 1 0.9931034482758621 0.9885057471264368


# name: suavizado7
# type: matrix
# rows: 1
# columns: 6
 0.6733333333333335 0.8997701149425288 0.939080459770115 0.858390804597701 0.8666666666666668 0.9444444444444445


# name: suavizado9
# type: matrix
# rows: 1
# columns: 8
 0.4315964240102171 0.2162962962962963 0.558440065681445 0.5998275862068965 0.6799999999999999 0.7765517241379311 0.9333333333333333 0.8555555555555556


# name: suavizado10
# type: matrix
# rows: 1
# columns: 8
 0.5082967607105539 0.5147126436781609 0.8207881773399015 0.8457471264367816 0.9664367816091953 0.9933333333333334 1 1


