# Created by Octave 4.2.1, Tue Oct 31 17:20:19 2017 ART <guille@iibm>
# name: suavizado3
# type: matrix
# rows: 1
# columns: 5
 0.4950465243568692 0.9549808429118775 1 0.9942528735632185 0.9885057471264368


# name: suavizado7
# type: matrix
# rows: 1
# columns: 5
 0.7222222222222223 0.8881226053639848 0.9091954022988507 0.8722222222222222 0.9444444444444445


# name: suavizado9
# type: matrix
# rows: 1
# columns: 7
 0.3843550446998723 0.3388676032354193 0.63438013136289 0.6944444444444445 0.8082375478927203 0.8999999999999999 0.8333333333333334


# name: suavizado10
# type: matrix
# rows: 1
# columns: 6
 0.4846917450365726 0.6227969348659004 0.8129173508483852 0.9547892720306513 0.9944444444444445 1


