# Created by Octave 4.2.1, Wed Nov 01 15:00:49 2017 ART <guille@iibm>
# name: suavizado10rev
# type: matrix
# rows: 1
# columns: 6
 0 0.05833333333333333 0.4051724137931034 0.703735632183908 1 0.9916666666666667


# name: suavizado_379_rev
# type: matrix
# rows: 3
# columns: 13
 0.09166666666666667 0.04226190476190476 0.1008620689655172 0.07766830870279147 0.15 0.4333333333333333 0.7416666666666667 0.7893678160919539 0.7301724137931034 0.5678160919540229 0.6916666666666667 0.825 0.7416666666666667
 0.1339080459770115 0.325 0.4778735632183908 0.4497126436781609 0.4841954022988506 0.5295977011494253 0.5416666666666666 0.6499999999999999 0.6471264367816092 0.8324712643678162 0.8999999999999999 0.8566091954022989 0.8465517241379311
 0 0 0.175 0.2698275862068965 0.3916666666666667 0.6367816091954024 0.45 0.5672413793103448 0.6916666666666667 0.7333333333333332 0.9152298850574713 0.7736453201970444 0.8655172413793104


