# Created by Octave 4.2.1, Wed Nov 01 15:01:10 2017 ART <guille@iibm>
# name: suavizado10rev
# type: matrix
# rows: 1
# columns: 8
 0 0 0.19272030651341 0.4252873563218391 0.6049808429118774 1 0.9888888888888889 1


# name: suavizado_379_rev
# type: matrix
# rows: 3
# columns: 17
 0.1111111111111111 0.03412698412698412 0.04444444444444445 0.1233716475095786 0.09206349206349207 0.1003831417624521 0.1666666666666667 0.5222222222222223 0.6777777777777777 0.8302681992337165 0.8000000000000002 0.7068965517241379 0.5731800766283525 0.5727969348659004 0.8111111111111112 0.8222222222222223 0.7444444444444445
 0.1340996168582376 0.1888888888888889 0.4333333333333333 0.49272030651341 0.4616858237547892 0.4540229885057471 0.5517241379310344 0.4839080459770115 0.5222222222222223 0.6666666666666666 0.5777777777777778 0.6850574712643679 0.8655172413793104 0.8333333333333334 0.8984674329501917 0.8547892720306515 0.8509578544061304
 0 0 0.06666666666666667 0.1666666666666667 0.2333333333333333 0.3708812260536398 0.4666666666666666 0.6601532567049809 0.4777777777777778 0.5222222222222223 0.5340996168582376 0.7444444444444445 0.7111111111111109 0.8425287356321839 0.9203065134099617 0.755665024630542 0.831800766283525


