# Created by Octave 4.2.1, Thu Nov 23 16:11:48 2017 -03 <guille@iibm>
# name: suavizado10rev
# type: matrix
# rows: 1
# columns: 24
 0 0 0 0 0 0 0.03333333333333333 0.2 0.3448275862068966 0.5517241379310345 0.3103448275862069 0.4137931034482759 0.7 0.4482758620689655 0.6666666666666666 1 1 1 1 1 0.9666666666666667 1 1 1


# name: suavizado_379_rev
# type: matrix
# rows: 3
# columns: 52
 0.1333333333333333 0.1 0.1 0.03333333333333333 0.03333333333333333 0.03571428571428571 0.06666666666666667 0.03333333333333333 0.03333333333333333 0.1333333333333333 0.103448275862069 0.1333333333333333 0.1428571428571428 0.1 0.03333333333333333 0.03448275862068965 0.1 0.1666666666666667 0.1333333333333333 0.2 0.1666666666666667 0.3666666666666666 0.7 0.5 0.7 0.6333333333333333 0.7 0.9333333333333333 0.7241379310344828 0.8333333333333334 0.8 0.8 0.8 0.7333333333333333 0.7666666666666667 0.6206896551724138 0.5333333333333333 0.6 0.5862068965517241 0.5517241379310345 0.5333333333333333 0.6333333333333333 0.7 0.9 0.8333333333333334 0.8666666666666667 0.8 0.8 0.7333333333333333 0.8333333333333334 0.6666666666666666 0.7333333333333333
 0.1333333333333333 0.2 0.06896551724137931 0.1333333333333333 0.3333333333333333 0.1 0.5666666666666667 0.3 0.4333333333333333 0.5666666666666667 0.5666666666666667 0.3448275862068966 0.4 0.5517241379310345 0.4333333333333333 0.4137931034482759 0.5 0.4482758620689655 0.3333333333333333 0.6551724137931034 0.6666666666666666 0.5 0.5517241379310345 0.4 0.4666666666666667 0.4666666666666667 0.6333333333333333 0.6 0.6333333333333333 0.7666666666666667 0.5333333333333333 0.6666666666666666 0.5333333333333333 0.6551724137931034 0.5333333333333333 0.8666666666666667 0.896551724137931 0.8333333333333334 0.8666666666666667 0.7333333333333333 0.8666666666666667 0.9 0.9 0.9333333333333333 0.8620689655172413 0.8 0.9310344827586207 0.8333333333333334 0.7241379310344828 0.8620689655172413 0.9666666666666667 0.8333333333333334
 0 0 0 0 0 0 0 0 0.2 0.1666666666666667 0.2 0.1333333333333333 0.3 0.1333333333333333 0.2666666666666667 0.3793103448275862 0.2333333333333333 0.5 0.3666666666666666 0.4666666666666667 0.5666666666666667 0.7241379310344828 0.5666666666666667 0.6896551724137931 0.2333333333333333 0.6333333333333333 0.5666666666666667 0.3666666666666666 0.7 0.5 0.5862068965517241 0.4827586206896552 0.5333333333333333 0.7333333333333333 0.7666666666666667 0.7333333333333333 0.7333333333333333 0.7 0.7 0.8 0.9 0.8275862068965517 0.9333333333333333 1 0.8275862068965517 0.6428571428571429 0.9 0.7241379310344828 0.8 0.8333333333333334 0.8620689655172413 0.9666666666666667


