# Created by Octave 4.2.1, Tue Sep 12 13:53:48 2017 ART <guille@iibm>
# name: R2_T2
# type: matrix
# rows: 12
# columns: 50
 0.6333333333333334 0.4333333333333334 0.2666666666666667 0.2 0.4666666666666667 0.5 0.5333333333333333 0.3 0.6333333333333334 0.4666666666666667 0.7333333333333334 0.5 0.5333333333333333 0.6666666666666667 0.5333333333333333 0.4666666666666667 0.1333333333333333 0.5000000000000001 0.4 0.5333333333333333 0.5666666666666668 0 0 0 0 0 0 0 0 0 0 0 0 0 0 0 0 0 0 0 0 0 0 0 0 0 0 0 0 0
 0.03703703703703704 0.2 0.1333333333333333 0.1 0.2068965517241379 0.3333333333333333 0.4333333333333334 0.4333333333333334 0.6000000000000001 0.4666666666666667 0.4482758620689656 0.2666666666666667 0.7000000000000001 0.4 0.3793103448275862 0.5 0.5 0.4333333333333333 0.3448275862068966 0.4333333333333333 0.4 0.4333333333333333 0.3333333333333333 0.2413793103448276 0.2666666666666667 0.206896551724138 0.3 0.1666666666666667 0.1 0.06666666666666667 0.1333333333333333 0.1333333333333333 0.03333333333333333 0 0 0 0 0 0 0 0 0 0 0 0 0 0 0 0 0
 0.103448275862069 0.03571428571428571 0.1333333333333333 0.5666666666666668 0.4333333333333334 0.7666666666666667 0.8620689655172414 1 0.9310344827586207 0.9333333333333333 1 1 1 1 1 1 1 1 1 1 0.9310344827586207 1 1 0 0 0 0 0 0 0 0 0 0 0 0 0 0 0 0 0 0 0 0 0 0 0 0 0 0 0
 0.1724137931034483 0.12 0 0.2758620689655172 0.2758620689655172 0.3666666666666666 0.2666666666666667 0.2666666666666667 0.1333333333333333 0.1333333333333333 0.1333333333333333 0.08333333333333333 0 0.3333333333333333 0.2333333333333333 0.3333333333333334 0.206896551724138 0.6333333333333334 0.2333333333333333 0.3 0.1333333333333333 0 0.06666666666666667 0 0 0 0 0 0 0 0 0 0 0 0 0 0 0 0 0 0 0 0 0 0 0 0 0 0 0
 0.3666666666666666 0.4333333333333333 0.4666666666666667 0.6666666666666667 0.8666666666666667 0.9333333333333333 0.9333333333333333 1 0.8666666666666667 0.6666666666666667 0.8 0.7666666666666667 0.1379310344827586 0.1333333333333333 0.2333333333333333 0.2068965517241379 0.1666666666666667 0.03333333333333333 0.06666666666666668 0.1333333333333333 0.3103448275862069 0.2666666666666667 0.2 0 0 0 0 0 0 0 0 0 0 0 0 0 0 0 0 0 0 0 0 0 0 0 0 0 0 0
 0.3793103448275862 0.2666666666666667 0.4666666666666667 0.5 0.6896551724137931 0.8333333333333334 0.7666666666666667 0.8333333333333334 0.6 0.5172413793103449 0.7333333333333334 0.6206896551724138 0.5 0.5333333333333333 0.5333333333333333 0.5333333333333334 0.4666666666666667 0.3 0.5172413793103448 0.1333333333333333 0.3 0.4 0.06666666666666667 0.3333333333333333 0.1666666666666667 0.2333333333333333 0.06666666666666667 0.1 0.1 0.103448275862069 0.06666666666666667 0 0 0 0 0 0 0 0 0 0 0 0 0 0 0 0 0 0 0
 0.2333333333333333 0.3 0.6666666666666667 0.4333333333333333 0.8666666666666667 0.9333333333333333 0.6000000000000001 0.8 0.9310344827586207 0.8 0.7931034482758621 1 0.9333333333333333 0.8666666666666667 0.6000000000000001 0.8 0.5333333333333333 0.6000000000000001 1 0.8666666666666667 0.8 0.9 1 0 0 0 0 0 0 0 0 0 0 0 0 0 0 0 0 0 0 0 0 0 0 0 0 0 0 0
 0.206896551724138 0.2068965517241379 0.1333333333333333 0.1 0.1 0.1 0.1666666666666667 0.06666666666666668 0 0.03333333333333333 0.06666666666666667 0.206896551724138 0.2666666666666667 0.103448275862069 0.2666666666666667 0.1379310344827586 0.2 0.1666666666666667 0.1333333333333333 0.4137931034482759 0.2 0.5666666666666668 0.4827586206896552 0.3333333333333333 0.4827586206896551 0.7000000000000001 0.5666666666666668 0.6000000000000001 0.3666666666666666 0.6666666666666667 0.4827586206896552 0.3 0.5 0.4666666666666667 0.4 0.4666666666666667 0.5862068965517241 0.5 0.7666666666666667 0.7000000000000001 0.6666666666666667 0.5333333333333333 0.5666666666666668 0.7333333333333334 0.4666666666666667 0.6000000000000001 0.7666666666666667 0.4482758620689655 0.7000000000000001 0.5333333333333333
 0.2413793103448276 0.1481481481481481 0.2666666666666667 0.1666666666666667 0.1 0.03703703703703704 0 0.03333333333333333 0.1 0.3448275862068966 0.5333333333333333 0.3928571428571428 0.4333333333333333 0.125 0.5172413793103449 0.5666666666666667 0.3333333333333334 0.5 0.6000000000000001 0.5666666666666667 0.4333333333333333 0.5862068965517242 0.6333333333333334 0.6206896551724138 0.8666666666666667 0.9333333333333333 0.9333333333333333 0.8 0.8 0.7000000000000001 0.6666666666666667 0 0 0 0 0 0 0 0 0 0 0 0 0 0 0 0 0 0 0
 0.2 0.1666666666666667 0.4090909090909091 0.3103448275862069 0.4333333333333333 0.1333333333333333 0.1333333333333333 0.1724137931034482 0.6206896551724138 0.8275862068965517 0.8 0.5357142857142858 0.6333333333333334 0.5185185185185186 0.8 0.8275862068965517 0.9310344827586207 0.8 1 1 0.9333333333333333 1 1 1 1 1 1 1 1 0 0 0 0 0 0 0 0 0 0 0 0 0 0 0 0 0 0 0 0 0
 0.1724137931034483 0.4666666666666667 0.4482758620689656 0.06666666666666667 0.2333333333333333 0.4333333333333334 0.3666666666666667 0.3333333333333333 0.3 0.4666666666666667 0.3333333333333333 0.5333333333333333 0.3793103448275862 0.5666666666666667 0.3333333333333333 0.2666666666666667 0.7000000000000001 0.5 0.4666666666666667 0.4333333333333333 0.5517241379310344 0.5 0.6666666666666667 0.7000000000000001 0.5 0.5 0.8666666666666667 0.3333333333333333 0.3666666666666666 0.3 0.6551724137931035 0.4666666666666667 0.4 0 0 0 0 0 0 0 0 0 0 0 0 0 0 0 0 0
 0.07142857142857142 0.2 0.3333333333333333 0.6000000000000001 0.5 0.3 0.6333333333333334 0.8 0.8666666666666667 0.8666666666666667 0.7000000000000001 0.8333333333333334 0.7333333333333334 1 0.8 0.9333333333333333 0.8666666666666667 1 1 1 0.9333333333333333 0.8275862068965517 1 0 0 0 0 0 0 0 0 0 0 0 0 0 0 0 0 0 0 0 0 0 0 0 0 0 0 0


# name: R_mean_T2
# type: matrix
# rows: 1
# columns: 12
 0.5000000000000001 0.1948275862068966 0.9931034482758621 0.2406896551724138 0.1688505747126437 0.1870114942528736 0.7900000000000001 0.61816091954023 0.7306896551724138 0.9933333333333334 0.5355172413793103 0.9094252873563219


