# Created by Octave 4.2.1, Tue Oct 31 18:14:21 2017 ART <guille@iibm>
# name: suavizado3
# type: matrix
# rows: 1
# columns: 8
 0.3707307060755337 0.7795977011494253 0.9658045977011495 0.9916666666666667 1 1 0.9913793103448276 1


# name: suavizado7
# type: matrix
# rows: 1
# columns: 8
 0.6083333333333334 0.8166666666666667 0.8663793103448276 0.9324712643678161 0.889655172413793 0.85 0.9416666666666667 0.9666666666666667


# name: suavizado9
# type: matrix
# rows: 1
# columns: 11
 0.4644955300127714 0.2287037037037037 0.2962643678160919 0.6230500821018062 0.6247844827586206 0.6833333333333333 0.7227011494252873 0.8040229885057473 0.9416666666666667 0.8666666666666667 0.8333333333333334


# name: suavizado10
# type: matrix
# rows: 1
# columns: 10
 0.477037617554859 0.4709770114942529 0.6175287356321839 0.8277093596059113 0.8158045977011494 0.9405172413793104 0.9916666666666667 1 1 1


