# Created by Octave 4.2.1, Wed Nov 01 14:33:21 2017 ART <guille@iibm>
# name: suavizado3
# type: matrix
# rows: 1
# columns: 12
 0.2609742747673782 0.5624521072796935 0.8061302681992336 0.9655172413793104 0.9773946360153257 1 1 1 1 0.9885057471264368 0.9885057471264368 1


# name: suavizado7
# type: matrix
# rows: 1
# columns: 12
 0.6 0.7888888888888889 0.8777777777777778 0.8662835249042146 0.9095785440613028 0.9544061302681993 0.886206896551724 0.7973180076628353 0.8333333333333334 0.9444444444444445 0.9444444444444445 1


# name: suavizado9
# type: matrix
# rows: 1
# columns: 16
 0.4971051511281396 0.4111111111111111 0.182716049382716 0.2111111111111111 0.5172413793103449 0.6468253968253967 0.5774904214559387 0.6636015325670498 0.6555555555555556 0.7222222222222222 0.7302681992337164 0.8306513409961687 0.9555555555555556 0.9222222222222222 0.8555555555555556 0.8333333333333334


# name: suavizado10
# type: matrix
# rows: 1
# columns: 15
 0.4636363636363637 0.5804946011842563 0.4555555555555555 0.5245210727969348 0.8632183908045977 0.8047619047619049 0.7888888888888889 0.9206896551724139 0.9551724137931035 0.9888888888888889 0.9888888888888889 1 1 1 1


