# Created by Octave 4.2.1, Mon Oct 02 19:04:37 2017 ART <guille@iibm>
# name: R_mean
# type: matrix
# rows: 1
# columns: 12
 0.4833333333333333 0.1633333333333334 0.9931034482758621 0.2473563218390805 0.1750574712643678 0.1636781609195402 0.7966666666666667 0.6014942528735633 0.7520689655172415 0.9933333333333334 0.5088505747126437 0.9360919540229885


# name: T_mean
# type: matrix
# rows: 1
# columns: 12
 0.2 0.2833333333333333 0.003448275862068965 0.2340229885057471 0.2282758620689655 0.2606896551724138 0.09 0.1674712643678161 0.1071264367816092 0.003333333333333333 0.2205747126436782 0.03022988505747126


# name: P_mean
# type: matrix
# rows: 1
# columns: 12
 0.12 0.2966666666666666 0 0.3045977011494253 0.3852873563218391 0.3282758620689655 0.02333333333333333 0.08022988505747126 0.0303448275862069 0 0.06333333333333332 0.003448275862068965


# name: S_mean
# type: matrix
# rows: 1
# columns: 12
 0.1966666666666667 0.2499999999999999 0.003448275862068965 0.2140229885057471 0.2113793103448276 0.2473563218390805 0.09 0.1508045977011494 0.1071264367816092 0.003333333333333333 0.2072413793103448 0.03022988505747126


