# Created by Octave 4.2.1, Wed Aug 30 15:12:37 2017 ART <guille@iibm>
# name: r1
# type: matrix
# rows: 23
# columns: 1
 0.3651272577996716
 0.4254515599343186
 0.6682471264367816
 0.6990250410509031
 0.6567528735632183
 0.6528273809523809
 0.7610632183908045
 0.7875000000000001
 0.7913793103448277
 0.7857758620689655
 0.8317528735632185
 0.8458333333333334
 0.875
 0.8780172413793104
 0.8185344827586207
 0.8573275862068966
 0.8875000000000001
 0.8208333333333333
 0.8458333333333334
 0.8708333333333332
 0.8561781609195402
 0.8662356321839082
 0.8791666666666667


# name: r2
# type: matrix
# rows: 23
# columns: 1
 0.4482810908026155
 0.5159077070053698
 0.7251507009565104
 0.7341922278079555
 0.7165466423685953
 0.7242672672089814
 0.7946092229711657
 0.8337642084567214
 0.8532255170749363
 0.8415694952269882
 0.8706687454080221
 0.889448488337434
 0.9152127279858441
 0.920358302845685
 0.8614967240943127
 0.9011704167871885
 0.9257854255497284
 0.8880741644189124
 0.9234816808560968
 0.9259081381626213
 0.9066867932516106
 0.9060273686088859
 0.9299296937694205


# name: r3
# type: matrix
# rows: 23
# columns: 1
 0.2819734247967277
 0.3349954128632674
 0.6113435519170529
 0.6638578542938508
 0.5969591047578413
 0.5813874946957804
 0.7275172138104433
 0.7412357915432788
 0.729533103614719
 0.7299822289109429
 0.7928370017184149
 0.8022181783292329
 0.8347872720141559
 0.8356761799129357
 0.7755722414229288
 0.8134847556266048
 0.8492145744502717
 0.7535925022477542
 0.76818498581057
 0.8157585285040452
 0.8056695285874699
 0.8264438957589305
 0.8284036395639128


# name: y1
# type: matrix
# rows: 22
# columns: 1
 0.4662972085385879
 0.4873563218390806
 0.4493123973727423
 0.4875
 0.5382440476190476
 0.3900862068965518
 0.3643518518518519
 0.3297413793103449
 0.3316091954022989
 0.2780172413793104
 0.25
 0.2208333333333335
 0.2100574712643679
 0.3041666666666668
 0.2349137931034484
 0.1958333333333334
 0.2666666666666668
 0.2375
 0.2125
 0.2540229885057471
 0.2340517241379311
 0.2250000000000001


# name: y2
# type: matrix
# rows: 22
# columns: 1
 0.7177346972276509
 0.55382132172703
 0.502408079848336
 0.5625495867822766
 0.6370644402011426
 0.4368608649112453
 0.4372490420784685
 0.4136335200695701
 0.4106800123956394
 0.3387907742743893
 0.3226483157256779
 0.2886617524837489
 0.2816616026643286
 0.3715548750930721
 0.3040869675755633
 0.2608234119412279
 0.3640531492200837
 0.3569294471943283
 0.2983980338670346
 0.3337865728931982
 0.3052289503436489
 0.3129100369876764


# name: y3
# type: matrix
# rows: 22
# columns: 1
 0.2148597198495248
 0.420891321951131
 0.3962167148971486
 0.4124504132177235
 0.4394236550369527
 0.3433115488818584
 0.2914546616252353
 0.2458492385511196
 0.2525383784089585
 0.2172437084842316
 0.1773516842743221
 0.153004914182918
 0.1384533398644072
 0.2367784582402616
 0.1657406186313335
 0.1308432547254388
 0.1692801841132498
 0.1180705528056717
 0.1266019661329654
 0.174259404118296
 0.1628744979322133
 0.1370899630123238


