Q
ans(:,:,3) =

   0.00000   0.00000   0.13208   0.86792
   0.21348   0.78652   0.00000   0.00000
   0.00000   0.00000   0.00000   1.00000
   0.23077   0.76923   0.00000   0.00000

ans(:,:,7) =

   0.00000   0.00000   0.11429   0.88571
   0.10849   0.89151   0.00000   0.00000
   0.00000   0.00000   0.00000   1.00000
   0.28571   0.71429   0.00000   0.00000

ans(:,:,9) =

   0.00000   0.00000   0.30303   0.69697
   0.12322   0.87678   0.00000   0.00000
   0.00000   0.00000   0.00000   1.00000
   0.21875   0.78125   0.00000   0.00000

ans(:,:,10) =

   0.00000   0.00000   0.66667   0.33333
   0.00000   1.00000   0.00000   0.00000
   0.00000   0.00000   0.75000   0.25000
   0.33333   0.66667   0.00000   0.00000

ipps://iibm-server.local:631/printers/IIBM-P2035n

QQTotmarkovInk
ans(:,:,3) =

    0.00000    0.00000    3.96226   26.03774
    6.40449   23.59551    0.00000    0.00000
    0.00000    0.00000    0.00000   30.00000
    6.92308   23.07692    0.00000    0.00000

ans(:,:,7) =

    0.00000    0.00000    3.42857   26.57143
    3.25472   26.74528    0.00000    0.00000
    0.00000    0.00000    0.00000   30.00000
    8.57143   21.42857    0.00000    0.00000

ans(:,:,9) =

    0.00000    0.00000    9.09091   20.90909
    3.69668   26.30332    0.00000    0.00000
    0.00000    0.00000    0.00000   30.00000
    6.56250   23.43750    0.00000    0.00000

ans(:,:,10) =

    0.00000    0.00000   20.00000   10.00000
    0.00000   30.00000    0.00000    0.00000
    0.00000    0.00000   22.50000    7.50000
   10.00000   20.00000    0.00000    0.00000

