Q =

ans(:,:,1) =

   0.00000   0.00000   0.46667   0.53333
   0.30894   0.69106   0.00000   0.00000
   0.00000   0.00000   0.35556   0.64444
   0.33333   0.66667   0.00000   0.00000

ans(:,:,2) =

   0.00000   0.00000   0.53086   0.46914
   0.59184   0.40816   0.00000   0.00000
   0.00000   0.00000   0.55422   0.44578
   0.66667   0.33333   0.00000   0.00000

ans(:,:,3) =

   0.00000   0.00000   0.00000   1.00000
   0.00353   0.99647   0.00000   0.00000
   0.00000   0.00000   0.00000   0.00000
   0.00000   1.00000   0.00000   0.00000

ans(:,:,4) =

   0.00000   0.00000   0.50000   0.50000
   0.37500   0.62500   0.00000   0.00000
   0.00000   0.00000   0.65169   0.34831
   0.59677   0.40323   0.00000   0.00000

ans(:,:,5) =

   0.00000   0.00000   0.64516   0.35484
   0.56522   0.43478   0.00000   0.00000
   0.00000   0.00000   0.64865   0.35135
   0.54098   0.45902   0.00000   0.00000

ans(:,:,6) =

   0.00000   0.00000   0.51351   0.48649
   0.63043   0.36957   0.00000   0.00000
   0.00000   0.00000   0.61856   0.38144
   0.60563   0.39437   0.00000   0.00000
ans(:,:,7) =

   0.00000   0.00000   0.22222   0.77778
   0.09459   0.90541   0.00000   0.00000
   0.00000   0.00000   0.20000   0.80000
   0.11538   0.88462   0.00000   0.00000

ans(:,:,8) =

   0.00000   0.00000   0.36170   0.63830
   0.25000   0.75000   0.00000   0.00000
   0.00000   0.00000   0.31818   0.68182
   0.13636   0.86364   0.00000   0.00000

ans(:,:,9) =

   0.00000   0.00000   0.21875   0.78125
   0.14884   0.85116   0.00000   0.00000
   0.00000   0.00000   0.22222   0.77778
   0.00000   1.00000   0.00000   0.00000

ans(:,:,10) =

   0.00000   0.00000   0.00000   1.00000
   0.00352   0.99648   0.00000   0.00000
   0.00000   0.00000   0.00000   0.00000
   0.00000   1.00000   0.00000   0.00000

ans(:,:,11) =

   0.00000   0.00000   0.25806   0.74194
   0.31293   0.68707   0.00000   0.00000
   0.00000   0.00000   0.15789   0.84211
   0.29508   0.70492   0.00000   0.00000

ans(:,:,12) =

   0.00000   0.00000   0.11111   0.88889
   0.02996   0.97004   0.00000   0.00000
   0.00000   0.00000   0.00000   1.00000
   0.00000   1.00000   0.00000   0.00000




QQTotmarkovInk =

ans(:,:,1) =

    0.00000    0.00000   14.26230   15.73770
    9.26829   20.73171    0.00000    0.00000
    0.00000    0.00000   10.66667   19.33333
   10.00000   20.00000    0.00000    0.00000

ans(:,:,2) =

    0.00000    0.00000   15.92593   14.07407
   17.75510   12.24490    0.00000    0.00000
    0.00000    0.00000   16.62651   13.37349
   20.00000   10.00000    0.00000    0.00000

ans(:,:,3) =

    0.00000    0.00000    0.00000   30.00000
    0.10563   29.89437    0.00000    0.00000
    0.00000    0.00000    0.00000    0.00000
    0.00000   30.00000    0.00000    0.00000

ans(:,:,4) =

    0.00000    0.00000   15.00000   15.00000
   11.25000   18.75000    0.00000    0.00000
    0.00000    0.00000   19.55056   10.44944
   17.90323   12.09677    0.00000    0.00000

ans(:,:,5) =

    0.00000    0.00000   19.21875   10.78125
   17.75510   12.24490    0.00000    0.00000
    0.00000    0.00000   19.47368   10.52632
   16.22951   13.77049    0.00000    0.00000

ans(:,:,6) =

    0.00000    0.00000   15.20000   14.80000
   18.91304   11.08696    0.00000    0.00000
    0.00000    0.00000   18.55670   11.44330
   18.16901   11.83099    0.00000    0.00000






ans(:,:,7) =

    0.00000    0.00000    6.66667   23.33333
    2.86957   27.13043    0.00000    0.00000
    0.00000    0.00000    4.28571   25.71429
    3.46154   26.53846    0.00000    0.00000

ans(:,:,8) =

    0.00000    0.00000   10.85106   19.14894
    7.50000   22.50000    0.00000    0.00000
    0.00000    0.00000    9.54545   20.45455
    4.09091   25.90909    0.00000    0.00000

ans(:,:,9) =

    0.00000    0.00000    6.56250   23.43750
    4.46512   25.53488    0.00000    0.00000
    0.00000    0.00000    6.66667   23.33333
    0.00000   30.00000    0.00000    0.00000

ans(:,:,10) =

    0.00000    0.00000    0.00000   30.00000
    0.10563   29.89437    0.00000    0.00000
    0.00000    0.00000    0.00000    0.00000
    0.00000   30.00000    0.00000    0.00000

ans(:,:,11) =

    0.00000    0.00000    7.74194   22.25806
    9.38776   20.61224    0.00000    0.00000
    0.00000    0.00000    4.73684   25.26316
    8.85246   21.14754    0.00000    0.00000

ans(:,:,12) =

    0.00000    0.00000    3.33333   26.66667
    0.89552   29.10448    0.00000    0.00000
    0.00000    0.00000    0.00000   30.00000
    0.00000   30.00000    0.00000    0.00000

