Q(:,:,:)

ans(:,:,3) =

   0.00000   0.00000   0.10256   0.89744
   0.23770   0.76230   0.00000   0.00000
   0.00000   0.00000   0.00000   1.00000
   0.21053   0.78947   0.00000   0.00000

ans(:,:,7) =

   0.00000   0.00000   0.11111   0.88889
   0.12587   0.87413   0.00000   0.00000
   0.00000   0.00000   0.00000   1.00000
   0.25926   0.74074   0.00000   0.00000

ans(:,:,9) =

   0.00000   0.00000   0.28571   0.71429
   0.16058   0.83942   0.00000   0.00000
   0.00000   0.00000   0.00000   1.00000
   0.25926   0.74074   0.00000   0.00000

ans(:,:,10) =

   0.00000   0.00000   0.00000   1.00000
   0.00000   1.00000   0.00000   0.00000
   0.00000   0.00000   0.06146   0.01737
   0.00000   1.00000   0.00000   0.00000

ans(:,:,12) =

   0.00000   0.00000   0.45455   0.54545
   0.59524   0.40476   0.00000   0.00000
   0.00000   0.00000   0.57692   0.42308
   0.57692   0.42308   0.00000   0.00000



 Q(:,:,:)
ans(:,:,3) =

   0.00000   0.00000   0.10870   0.89130
   0.20606   0.79394   0.00000   0.00000
   0.00000   0.00000   0.00000   1.00000
   0.22222   0.77778   0.00000   0.00000

ans(:,:,7) =

   0.00000   0.00000   0.12500   0.87500
   0.11111   0.88889   0.00000   0.00000
   0.00000   0.00000   0.00000   1.00000
   0.28125   0.71875   0.00000   0.00000

ans(:,:,9) =

   0.00000   0.00000   0.32258   0.67742
   0.12903   0.87097   0.00000   0.00000
   0.00000   0.00000   0.00000   1.00000
   0.23333   0.76667   0.00000   0.00000

ans(:,:,10) =

   0.00000   0.00000   0.00000   1.00000
   0.00000   1.00000   0.00000   0.00000
   0.00000   0.00000   0.06146   0.01737
   0.00000   1.00000   0.00000   0.00000

ans(:,:,12) =

   0.00000   0.00000   0.48571   0.51429
   0.61818   0.38182   0.00000   0.00000
   0.00000   0.00000   0.53731   0.46269
   0.52239   0.47761   0.00000   0.00000


T_mean =
   0.00000   0.00000   0.18519   0.00000   0.00000   0.00000   0.12427   0.00000   0.12203   0.00370   0.00000   0.27292
R_mean =
   0.00000   0.00000   0.62593   0.00000   0.00000   0.00000   0.74010   0.00000   0.72527   0.99259   0.00000   0.21609
P_mean =
   0.00000   0.00000   0.01852   0.00000   0.00000   0.00000   0.01507   0.00000   0.03834   0.00000   0.00000   0.26028
S_mean =
   0.00000   0.00000   0.17037   0.00000   0.00000   0.00000   0.12056   0.00000   0.11436   0.00370   0.00000   0.2507


