Q =

ans(:,:,1) =

   0.00000   0.00000   0.46269   0.53731
   0.31159   0.68841   0.00000   0.00000
   0.00000   0.00000   0.34043   0.65957
   0.30303   0.69697   0.00000   0.00000

ans(:,:,2) =

   0.00000   0.00000   0.52809   0.47191
   0.55932   0.44068   0.00000   0.00000
   0.00000   0.00000   0.54023   0.45977
   0.64634   0.35366   0.00000   0.00000

ans(:,:,3) =

   0.00000   0.00000   0.00000   1.00000
   0.00319   0.99681   0.00000   0.00000
   0.00000   0.00000   0.00000   0.00000
   0.00000   1.00000   0.00000   0.00000

ans(:,:,4) =

   0.00000   0.00000   0.51389   0.48611
   0.37500   0.62500   0.00000   0.00000
   0.00000   0.00000   0.67290   0.32710
   0.62687   0.37313   0.00000   0.00000

ans(:,:,5) =

   0.00000   0.00000   0.63380   0.36620
   0.59615   0.38462   0.00000   0.01923
   0.00000   0.00000   0.64516   0.35484
   0.55072   0.44928   0.00000   0.00000

ans(:,:,6) =

   0.00000   0.00000   0.50617   0.49383
   0.59259   0.40741   0.00000   0.00000
   0.00000   0.00000   0.62264   0.37736
   0.58442   0.41558   0.00000   0.00000

ans(:,:,7) =

   0.03571   0.00000   0.21429   0.75000
   0.08949   0.91051   0.00000   0.00000
   0.00000   0.00000   0.14286   0.85714
   0.07692   0.92308   0.00000   0.00000

ans(:,:,8) =

   0.00000   0.00000   0.35294   0.64706
   0.24490   0.75510   0.00000   0.00000
   0.00000   0.00000   0.30435   0.69565
   0.12500   0.87500   0.00000   0.00000

ans(:,:,9) =

   0.00000   0.00000   0.23077   0.76923
   0.16300   0.83700   0.00000   0.00000
   0.00000   0.00000   0.25000   0.75000
   0.02564   0.97436   0.00000   0.00000

ans(:,:,10) =

   0.00000   0.00000   0.00000   1.00000
   0.00319   0.99681   0.00000   0.00000
   0.00000   0.00000   0.00000   0.00000
   0.00000   1.00000   0.00000   0.00000

ans(:,:,11) =

   0.00000   0.01515   0.25758   0.72727
   0.29940   0.70060   0.00000   0.00000
   0.00000   0.00000   0.15000   0.85000
   0.28125   0.71875   0.00000   0.00000

ans(:,:,12) =

   0.00000   0.00000   0.07692   0.92308
   0.04152   0.95848   0.00000   0.00000
   0.00000   0.00000   0.00000   1.00000
   0.00000   1.00000   0.00000   0.00000


