Q =

ans(:,:,1) =

   0.00000   0.00000   0.46667   0.53333
   0.30894   0.69106   0.00000   0.00000
   0.00000   0.00000   0.35556   0.64444
   0.33333   0.66667   0.00000   0.00000

ans(:,:,2) =

   0.00000   0.00000   0.53086   0.46914
   0.59184   0.40816   0.00000   0.00000
   0.00000   0.00000   0.55422   0.44578
   0.66667   0.33333   0.00000   0.00000

ans(:,:,3) =

   0.00000   0.00000   0.00000   1.00000
   0.00353   0.99647   0.00000   0.00000
   0.00000   0.00000   0.00000   0.00000
   0.00000   1.00000   0.00000   0.00000

ans(:,:,4) =

   0.00000   0.00000   0.50000   0.50000
   0.37500   0.62500   0.00000   0.00000
   0.00000   0.00000   0.65169   0.34831
   0.59677   0.40323   0.00000   0.00000

ans(:,:,5) =

   0.00000   0.00000   0.64516   0.35484
   0.56522   0.43478   0.00000   0.00000
   0.00000   0.00000   0.64865   0.35135
   0.54098   0.45902   0.00000   0.00000

ans(:,:,6) =

   0.00000   0.00000   0.51351   0.48649
   0.63043   0.36957   0.00000   0.00000
   0.00000   0.00000   0.61856   0.38144
   0.60563   0.39437   0.00000   0.00000

ans(:,:,7) =

   0.00000   0.00000   0.22222   0.77778
   0.09459   0.90541   0.00000   0.00000
   0.00000   0.00000   0.20000   0.80000
   0.11538   0.88462   0.00000   0.00000

ans(:,:,8) =

   0.00000   0.00000   0.36170   0.63830
   0.25000   0.75000   0.00000   0.00000
   0.00000   0.00000   0.31818   0.68182
   0.13636   0.86364   0.00000   0.00000

ans(:,:,9) =

   0.00000   0.00000   0.21875   0.78125
   0.14884   0.85116   0.00000   0.00000
   0.00000   0.00000   0.22222   0.77778
   0.00000   1.00000   0.00000   0.00000

ans(:,:,10) =

   0.00000   0.00000   0.00000   1.00000
   0.00352   0.99648   0.00000   0.00000
   0.00000   0.00000   0.00000   0.00000
   0.00000   1.00000   0.00000   0.00000

ans(:,:,11) =

   0.00000   0.00000   0.25806   0.74194
   0.31293   0.68707   0.00000   0.00000
   0.00000   0.00000   0.15789   0.84211
   0.29508   0.70492   0.00000   0.00000

ans(:,:,12) =

   0.00000   0.00000   0.11111   0.88889
   0.02996   0.97004   0.00000   0.00000
   0.00000   0.00000   0.00000   1.00000
   0.00000   1.00000   0.00000   0.00000
