aux =

   1   0

aux =

   1.00000   0.00000
   0.74074   0.25926

aux =

   1.00000   0.00000
   0.74074   0.25926
   0.64444   0.35556

aux =

   1.00000   0.00000
   0.74074   0.25926
   0.64444   0.35556
   0.78125   0.21875

aux =

   1.00000   0.00000
   0.74074   0.25926
   0.64444   0.35556
   0.78125   0.21875
   1.00000   0.00000

aux =

   1.00000   0.00000
   0.74074   0.25926
   0.64444   0.35556
   0.78125   0.21875
   1.00000   0.00000
   0.74194   0.25806

aux =

   1.00000   0.00000
   0.74074   0.25926
   0.64444   0.35556
   0.78125   0.21875
   1.00000   0.00000
   0.74194   0.25806
   0.88889   0.11111

aux =

   0.9964789   0.0035211

aux =

   0.9964789   0.0035211
   0.9043478   0.0956522

aux =

   0.9964789   0.0035211
   0.9043478   0.0956522
   0.7624309   0.2375691

aux =

   0.9964789   0.0035211
   0.9043478   0.0956522
   0.7624309   0.2375691
   0.8511628   0.1488372

aux =

   0.9964789   0.0035211
   0.9043478   0.0956522
   0.7624309   0.2375691
   0.8511628   0.1488372
   0.9964789   0.0035211

aux =

   0.9964789   0.0035211
   0.9043478   0.0956522
   0.7624309   0.2375691
   0.8511628   0.1488372
   0.9964789   0.0035211
   0.6870748   0.3129252

aux =

   0.9964789   0.0035211
   0.9043478   0.0956522
   0.7624309   0.2375691
   0.8511628   0.1488372
   0.9964789   0.0035211
   0.6870748   0.3129252
   0.9701493   0.0298507

aux =

   0.85714   0.14286

aux =

   0.85714   0.14286
   0.66667   0.33333

aux =

   0.85714   0.14286
   0.66667   0.33333
   0.77778   0.22222

aux =

   0.85714   0.14286
   0.66667   0.33333
   0.77778   0.22222
   0.84211   0.15789

aux =

   0.85714   0.14286
   0.66667   0.33333
   0.77778   0.22222
   0.84211   0.15789
   1.00000   0.00000

aux =

   1   0

aux =

   1.00000   0.00000
   0.92000   0.08000

aux =

   1.00000   0.00000
   0.92000   0.08000
   0.88095   0.11905

aux =

   1.00000   0.00000
   0.92000   0.08000
   0.88095   0.11905
   1.00000   0.00000

aux =

   1.00000   0.00000
   0.92000   0.08000
   0.88095   0.11905
   1.00000   0.00000
   1.00000   0.00000

aux =

   1.00000   0.00000
   0.92000   0.08000
   0.88095   0.11905
   1.00000   0.00000
   1.00000   0.00000
   0.70000   0.30000

aux =

   1.00000   0.00000
   0.92000   0.08000
   0.88095   0.11905
   1.00000   0.00000
   1.00000   0.00000
   0.70000   0.30000
   1.00000   0.00000

